-70667,-33456,2
-70667,-33455,2
-70667,-33447,2
-70666,-33457,9
-70666,-33454,2
-70666,-33452,2
-70666,-33447,8
-70666,-33442,2
-70665,-33460,2
-70665,-33458,2
-70665,-33457,11
-70665,-33456,3
-70665,-33454,4
-70665,-33453,5
-70665,-33452,4
-70665,-33448,2
-70665,-33447,6
-70665,-33445,3
-70665,-33443,3
-70665,-33442,4
-70665,-33441,2
-70665,-33440,3
-70665,-33439,3
-70664,-33458,3
-70664,-33457,5
-70664,-33454,2
-70664,-33452,3
-70664,-33451,4
-70664,-33450,2
-70664,-33449,2
-70664,-33447,8
-70664,-33446,3
-70664,-33445,2
-70664,-33442,3
-70663,-33458,2
-70663,-33457,3
-70663,-33446,5
-70663,-33442,4
-70662,-33457,2
-70662,-33447,3
-70662,-33446,8
-70661,-33452,4
-70661,-33449,8
-70661,-33446,10
-70661,-33445,8
-70661,-33444,6
-70661,-33443,2
-70660,-33458,4
-70660,-33457,2
-70660,-33456,3
-70660,-33453,2
-70660,-33452,3
-70660,-33450,7
-70660,-33449,4
-70660,-33448,7
-70660,-33447,6
-70660,-33446,15
-70660,-33445,5
-70660,-33444,10
-70660,-33443,8
-70660,-33442,16
-70660,-33441,20
-70660,-33440,2
-70660,-33439,6
-70660,-33438,2
-70659,-33458,2
-70659,-33453,2
-70659,-33452,8
-70659,-33451,6
-70659,-33450,3
-70659,-33449,6
-70659,-33448,3
-70659,-33445,2
-70659,-33441,8
-70659,-33440,9
-70659,-33439,11
-70658,-33455,3
-70658,-33454,6
-70658,-33453,9
-70658,-33452,10
-70658,-33448,7
-70658,-33447,4
-70658,-33446,2
-70658,-33445,4
-70658,-33441,8
-70658,-33439,4
-70657,-33462,2
-70657,-33461,5
-70657,-33460,7
-70657,-33458,2
-70657,-33457,3
-70657,-33456,9
-70657,-33455,7
-70657,-33454,4
-70657,-33453,10
-70657,-33450,2
-70657,-33449,2
-70657,-33447,2
-70657,-33446,2
-70657,-33445,3
-70657,-33444,3
-70656,-33461,5
-70656,-33460,17
-70656,-33459,2
-70656,-33457,3
-70656,-33454,4
-70656,-33453,11
-70656,-33452,2
-70656,-33445,2
-70656,-33443,5
-70656,-33442,3
-70656,-33441,2
-70656,-33440,5
-70656,-33439,3
-70655,-33462,2
-70655,-33460,14
-70655,-33454,2
-70655,-33453,5
-70655,-33449,2
-70655,-33448,3
-70655,-33447,2
-70655,-33445,9
-70655,-33441,2
-70655,-33440,2
-70654,-33456,3
-70654,-33455,2
-70654,-33454,4
-70654,-33453,14
-70654,-33451,4
-70654,-33450,2
-70654,-33448,2
-70654,-33445,8
-70654,-33444,7
-70654,-33441,2
-70653,-33460,8
-70653,-33453,4
-70653,-33452,5
-70653,-33450,5
-70653,-33448,3
-70653,-33447,3
-70653,-33445,5
-70653,-33444,10
-70653,-33441,4
-70653,-33440,9
-70652,-33460,2
-70652,-33459,3
-70652,-33458,6
-70652,-33457,2
-70652,-33456,3
-70652,-33455,5
-70652,-33454,3
-70652,-33453,2
-70652,-33452,3
-70652,-33447,4
-70652,-33444,3
-70651,-33460,6
-70651,-33459,3
-70651,-33447,2
-70651,-33446,2
-70651,-33444,2
-70651,-33441,2
-70650,-33461,4
-70650,-33460,2
-70650,-33459,3
-70650,-33455,10
-70650,-33454,4
-70650,-33452,9
-70650,-33449,4
-70650,-33447,4
-70650,-33444,3
-70650,-33443,6
-70649,-33460,10
-70649,-33459,11
-70649,-33458,4
-70649,-33457,2
-70649,-33456,7
-70649,-33455,3
-70649,-33454,3
-70649,-33451,13
-70649,-33449,3
-70649,-33447,9
-70649,-33443,9
-70648,-33459,8
-70648,-33452,5
-70648,-33451,2
-70648,-33449,2
-70648,-33447,4
-70648,-33444,2
-70648,-33443,10
-70648,-33440,3
-70647,-33459,9
-70647,-33455,2
-70647,-33454,3
-70647,-33451,7
-70647,-33450,2
-70647,-33448,3
-70647,-33446,8
-70647,-33445,9
-70647,-33443,6
-70647,-33441,2
-70647,-33439,2
-70646,-33459,8
-70646,-33455,2
-70646,-33454,2
-70646,-33453,3
-70646,-33452,2
-70646,-33451,4
-70646,-33446,3
-70646,-33443,10
-70646,-33442,7
-70646,-33441,4
-70645,-33462,2
-70645,-33461,2
-70645,-33459,5
-70645,-33458,9
-70645,-33453,8
-70645,-33450,6
-70645,-33448,5
-70645,-33447,2
-70645,-33446,7
-70645,-33442,5
-70645,-33441,10
-70644,-33458,5
-70644,-33454,5
-70644,-33453,2
-70644,-33452,3
-70644,-33450,12
-70644,-33448,5
-70644,-33447,2
-70644,-33446,7
-70644,-33444,4
-70644,-33443,5
-70644,-33442,5
-70644,-33441,3
-70644,-33440,6
-70644,-33439,8
-70643,-33460,2
-70643,-33458,12
-70643,-33457,3
-70643,-33456,2
-70643,-33455,2
-70643,-33450,6
-70643,-33449,2
-70643,-33448,2
-70643,-33447,2
-70643,-33445,3
-70643,-33444,6
-70643,-33443,5
-70643,-33442,5
-70642,-33458,6
-70642,-33454,4
-70642,-33453,2
-70642,-33450,10
-70642,-33447,5
-70642,-33446,10
-70642,-33445,2
-70642,-33442,3
-70642,-33441,4
-70641,-33458,5
-70641,-33454,2
-70641,-33452,6
-70641,-33451,3
-70641,-33450,6
-70641,-33449,2
-70641,-33446,2
-70641,-33444,2
-70641,-33443,13
-70641,-33442,4
-70641,-33441,5
-70640,-33458,4
-70640,-33457,4
-70640,-33456,2
-70640,-33455,5
-70640,-33454,8
-70640,-33453,9
-70640,-33452,5
-70640,-33449,8
-70640,-33448,2
-70640,-33446,4
-70640,-33445,7
-70640,-33443,2
-70640,-33441,2
-70640,-33440,11
-70640,-33439,2
-70639,-33459,14
-70639,-33457,16
-70639,-33452,4
-70639,-33450,2
-70639,-33449,11
-70639,-33448,3
-70639,-33445,3
-70639,-33443,7
-70639,-33442,4
-70639,-33441,2
-70639,-33439,5
-70638,-33462,5
-70638,-33461,6
-70638,-33457,5
-70638,-33453,3
-70638,-33452,13
-70638,-33451,4
-70638,-33446,2
-70638,-33445,3
-70638,-33444,2
-70638,-33443,15
-70638,-33442,3
-70638,-33441,3
-70638,-33440,2
-70638,-33439,4
-70638,-33438,2
-70637,-33462,2
-70637,-33457,3
-70637,-33455,3
-70637,-33452,4
-70637,-33449,2
-70637,-33448,2
-70637,-33444,5
-70637,-33443,3
